about  79  0.003199  0  0.000325  0  0.000408  0  0.000000
after  44  0.001791  0  0.000325  0  0.000408  0  0.000000
against  23  0.000946  0  0.000325  0  0.000408  0  0.000000
all  42  0.001710  0  0.000325  0  0.000408  0  0.000000
amazon  54  0.002193  0  0.000325  0  0.000408  0  0.000000
analysis  17  0.000704  0  0.000325  0  0.000408  0  0.000000
and  600  0.024167  0  0.000325  38  0.031454  0  0.000000
android  30  0.001227  0  0.000325  0  0.000408  0  0.000000
any  19  0.000785  0  0.000325  0  0.000408  0  0.000000
api  21  0.000865  0  0.000325  0  0.000408  0  0.000000
app  53  0.002153  0  0.000325  0  0.000408  0  0.000000
apple  45  0.001831  0  0.000325  0  0.000408  0  0.000000
are  143  0.005775  26  0.017241  0  0.000408  0  0.000000
art  16  0.000664  0  0.000325  0  0.000408  0  0.000000
aws  30  0.001227  0  0.000325  0  0.000408  0  0.000000
back  25  0.001026  0  0.000325  0  0.000408  0  0.000000
bad  18  0.000745  0  0.000325  0  0.000408  0  0.000000
before  18  0.000745  0  0.000325  0  0.000408  0  0.000000
being  16  0.000664  0  0.000325  0  0.000408  0  0.000000
best  31  0.001268  0  0.000325  0  0.000408  0  0.000000
better  25  0.001026  0  0.000325  0  0.000408  0  0.000000
big  36  0.001469  0  0.000325  0  0.000408  0  0.000000
bitcoin  36  0.001469  0  0.000325  0  0.000408  0  0.000000
browser  26  0.001066  0  0.000325  0  0.000408  0  0.000000
build  43  0.001751  0  0.000325  0  0.000408  0  0.000000
building  30  0.001227  0  0.000325  0  0.000408  0  0.000000
built  18  0.000745  0  0.000325  0  0.000408  0  0.000000
business  27  0.001107  0  0.000325  0  0.000408  0  0.000000
but  29  0.001187  0  0.000325  0  0.000408  0  0.000000
can  84  0.003401  0  0.000325  0  0.000408  0  0.000000
cars  17  0.000704  0  0.000325  0  0.000408  0  0.000000
ceo  19  0.000785  0  0.000325  0  0.000408  0  0.000000
change  24  0.000986  0  0.000325  0  0.000408  0  0.000000
china  38  0.001549  0  0.000325  0  0.000408  0  0.000000
chinese  19  0.000785  0  0.000325  0  0.000408  0  0.000000
chrome  24  0.000986  0  0.000325  0  0.000408  0  0.000000
climate  16  0.000664  0  0.000325  0  0.000408  0  0.000000
cloud  33  0.001348  0  0.000325  0  0.000408  0  0.000000
code  56  0.002274  0  0.000325  0  0.000408  0  0.000000
coming  16  0.000664  0  0.000325  0  0.000408  0  0.000000
company  23  0.000946  0  0.000325  0  0.000408  0  0.000000
computer  19  0.000785  0  0.000325  0  0.000408  0  0.000000
control  16  0.000664  0  0.000325  0  0.000408  0  0.000000
could  40  0.001630  0  0.000325  0  0.000408  0  0.000000
create  18  0.000745  0  0.000325  0  0.000408  0  0.000000
crypto  25  0.001026  0  0.000325  0  0.000408  0  0.000000
data  106  0.004286  0  0.000325  0  0.000408  0  0.000000
day  23  0.000946  0  0.000325  0  0.000408  0  0.000000
deep  27  0.001107  0  0.000325  0  0.000408  0  0.000000
design  27  0.001107  0  0.000325  0  0.000408  0  0.000000
digital  24  0.000986  0  0.000325  0  0.000408  0  0.000000
dna  16  0.000664  0  0.000325  0  0.000408  0  0.000000
does  30  0.001227  0  0.000325  0  0.000408  0  0.000000
down  32  0.001308  0  0.000325  0  0.000408  0  0.000000
end  17  0.000704  0  0.000325  0  0.000408  0  0.000000
ethereum  18  0.000745  0  0.000325  0  0.000408  0  0.000000
every  18  0.000745  0  0.000325  0  0.000408  0  0.000000
facebook  78  0.003159  0  0.000325  0  0.000408  0  0.000000
fake  16  0.000664  0  0.000325  0  0.000408  0  0.000000
fast  22  0.000906  0  0.000325  0  0.000408  0  0.000000
find  19  0.000785  0  0.000325  0  0.000408  0  0.000000
first  58  0.002354  0  0.000325  0  0.000408  0  0.000000
for  542  0.021833  36  0.023748  44  0.036356  0  0.000000
free  29  0.001187  0  0.000325  0  0.000408  0  0.000000
from  150  0.006057  0  0.000325  0  0.000408  0  0.000000
future  36  0.001469  0  0.000325  0  0.000408  0  0.000000
game  35  0.001429  0  0.000325  0  0.000408  0  0.000000
games  19  0.000785  0  0.000325  0  0.000408  0  0.000000
get  32  0.001308  0  0.000325  0  0.000408  0  0.000000
getting  17  0.000704  0  0.000325  0  0.000408  0  0.000000
global  19  0.000785  0  0.000325  0  0.000408  0  0.000000
good  22  0.000906  0  0.000325  0  0.000408  0  0.000000
google  79  0.003199  0  0.000325  0  0.000408  0  0.000000
got  17  0.000704  0  0.000325  0  0.000408  0  0.000000
great  16  0.000664  0  0.000325  0  0.000408  0  0.000000
guide  40  0.001630  0  0.000325  0  0.000408  0  0.000000
has  63  0.002556  0  0.000325  0  0.000408  0  0.000000
have  36  0.001469  0  0.000325  0  0.000408  0  0.000000
health  16  0.000664  0  0.000325  0  0.000408  0  0.000000
help  32  0.001308  0  0.000325  0  0.000408  0  0.000000
high  17  0.000704  0  0.000325  0  0.000408  0  0.000000
his  16  0.000664  0  0.000325  0  0.000408  0  0.000000
history  21  0.000865  0  0.000325  0  0.000408  0  0.000000
home  18  0.000745  0  0.000325  0  0.000408  0  0.000000
how  309  0.012456  61  0.040013  0  0.000408  0  0.000000
human  18  0.000745  0  0.000325  0  0.000408  0  0.000000
inside  17  0.000704  0  0.000325  0  0.000408  0  0.000000
intel  16  0.000664  0  0.000325  0  0.000408  0  0.000000
internet  34  0.001388  0  0.000325  0  0.000408  0  0.000000
into  52  0.002113  0  0.000325  0  0.000408  0  0.000000
iphone  19  0.000785  0  0.000325  0  0.000408  0  0.000000
its  74  0.002998  0  0.000325  0  0.000408  0  0.000000
just  28  0.001147  0  0.000325  0  0.000408  0  0.000000
know  25  0.001026  0  0.000325  0  0.000408  0  0.000000
language  29  0.001187  0  0.000325  0  0.000408  0  0.000000
launches  22  0.000906  0  0.000325  0  0.000408  0  0.000000
law  21  0.000865  0  0.000325  0  0.000408  0  0.000000
learn  21  0.000865  0  0.000325  0  0.000408  0  0.000000
learning  65  0.002636  0  0.000325  0  0.000408  0  0.000000
library  17  0.000704  0  0.000325  0  0.000408  0  0.000000
life  28  0.001147  0  0.000325  0  0.000408  0  0.000000
like  34  0.001388  0  0.000325  0  0.000408  0  0.000000
linux  30  0.001227  0  0.000325  0  0.000408  0  0.000000
list  20  0.000825  0  0.000325  0  0.000408  0  0.000000
long  17  0.000704  0  0.000325  0  0.000408  0  0.000000
look  19  0.000785  0  0.000325  0  0.000408  0  0.000000
machine  46  0.001871  0  0.000325  0  0.000408  0  0.000000
make  40  0.001630  0  0.000325  0  0.000408  0  0.000000
making  22  0.000906  0  0.000325  0  0.000408  0  0.000000
man  16  0.000664  0  0.000325  0  0.000408  0  0.000000
many  16  0.000664  0  0.000325  0  0.000408  0  0.000000
market  16  0.000664  0  0.000325  0  0.000408  0  0.000000
mars  18  0.000745  0  0.000325  0  0.000408  0  0.000000
may  31  0.001268  0  0.000325  0  0.000408  0  0.000000
media  18  0.000745  0  0.000325  0  0.000408  0  0.000000
mobile  21  0.000865  0  0.000325  0  0.000408  0  0.000000
model  22  0.000906  0  0.000325  0  0.000408  0  0.000000
more  60  0.002435  0  0.000325  0  0.000408  0  0.000000
most  32  0.001308  0  0.000325  0  0.000408  0  0.000000
much  21  0.000865  0  0.000325  0  0.000408  0  0.000000
need  17  0.000704  0  0.000325  0  0.000408  0  0.000000
net  16  0.000664  0  0.000325  0  0.000408  0  0.000000
network  36  0.001469  0  0.000325  0  0.000408  0  0.000000
neural  17  0.000704  0  0.000325  0  0.000408  0  0.000000
new  185  0.007465  0  0.000325  0  0.000408  0  0.000000
news  24  0.000986  0  0.000325  0  0.000408  0  0.000000
next  19  0.000785  0  0.000325  0  0.000408  0  0.000000
not  75  0.003038  0  0.000325  0  0.000408  0  0.000000
now  41  0.001670  0  0.000325  0  0.000408  0  0.000000
off  16  0.000664  0  0.000325  0  0.000408  0  0.000000
one  51  0.002073  0  0.000325  0  0.000408  0  0.000000
online  38  0.001549  0  0.000325  0  0.000408  0  0.000000
only  18  0.000745  0  0.000325  0  0.000408  0  0.000000
open  45  0.001831  0  0.000325  0  0.000408  0  0.000000
other  16  0.000664  0  0.000325  0  0.000408  0  0.000000
our  31  0.001268  0  0.000325  0  0.000408  0  0.000000
out  46  0.001871  0  0.000325  0  0.000408  0  0.000000
over  44  0.001791  0  0.000325  0  0.000408  0  0.000000
own  20  0.000825  0  0.000325  0  0.000408  0  0.000000
part  28  0.001147  0  0.000325  0  0.000408  0  0.000000
pdf  65  0.002636  0  0.000325  0  0.000408  0  0.000000
people  37  0.001509  0  0.000325  0  0.000408  0  0.000000
platform  21  0.000865  0  0.000325  0  0.000408  0  0.000000
privacy  23  0.000946  0  0.000325  0  0.000408  0  0.000000
private  16  0.000664  0  0.000325  0  0.000408  0  0.000000
product  22  0.000906  0  0.000325  0  0.000408  0  0.000000
project  40  0.001630  0  0.000325  0  0.000408  0  0.000000
python  32  0.001308  0  0.000325  0  0.000408  0  0.000000
quantum  27  0.001107  0  0.000325  0  0.000408  0  0.000000
react  20  0.000825  0  0.000325  0  0.000408  0  0.000000
real  25  0.001026  0  0.000325  0  0.000408  0  0.000000
really  24  0.000986  0  0.000325  0  0.000408  0  0.000000
release  16  0.000664  0  0.000325  0  0.000408  0  0.000000
released  23  0.000946  0  0.000325  0  0.000408  0  0.000000
report  25  0.001026  0  0.000325  0  0.000408  0  0.000000
research  17  0.000704  0  0.000325  0  0.000408  0  0.000000
review  25  0.001026  0  0.000325  0  0.000408  0  0.000000
robot  16  0.000664  0  0.000325  0  0.000408  0  0.000000
rust  17  0.000704  0  0.000325  0  0.000408  0  0.000000
says  41  0.001670  0  0.000325  0  0.000408  0  0.000000
science  32  0.001308  0  0.000325  0  0.000408  0  0.000000
search  18  0.000745  0  0.000325  0  0.000408  0  0.000000
security  42  0.001710  0  0.000325  0  0.000408  0  0.000000
service  24  0.000986  0  0.000325  0  0.000408  0  0.000000
should  33  0.001348  0  0.000325  0  0.000408  0  0.000000
silicon  19  0.000785  0  0.000325  0  0.000408  0  0.000000
simple  17  0.000704  0  0.000325  0  0.000408  0  0.000000
smart  19  0.000785  0  0.000325  0  0.000408  0  0.000000
social  24  0.000986  0  0.000325  0  0.000408  0  0.000000
software  41  0.001670  0  0.000325  0  0.000408  0  0.000000
source  37  0.001509  0  0.000325  0  0.000408  0  0.000000
space  28  0.001147  0  0.000325  0  0.000408  0  0.000000
startup  49  0.001992  0  0.000325  0  0.000408  0  0.000000
startups  17  0.000704  0  0.000325  0  0.000408  0  0.000000
state  17  0.000704  0  0.000325  0  0.000408  0  0.000000
still  24  0.000986  0  0.000325  0  0.000408  0  0.000000
story  16  0.000664  0  0.000325  0  0.000408  0  0.000000
study  17  0.000704  0  0.000325  0  0.000408  0  0.000000
support  16  0.000664  0  0.000325  0  0.000408  0  0.000000
system  44  0.001791  0  0.000325  0  0.000408  0  0.000000
take  16  0.000664  0  0.000325  0  0.000408  0  0.000000
team  17  0.000704  0  0.000325  0  0.000408  0  0.000000
tech  61  0.002475  0  0.000325  0  0.000408  0  0.000000
tesla  27  0.001107  0  0.000325  0  0.000408  0  0.000000
test  25  0.001026  0  0.000325  0  0.000408  0  0.000000
than  40  0.001630  0  0.000325  0  0.000408  0  0.000000
that  85  0.003441  0  0.000325  0  0.000408  0  0.000000
the  1162  0.046784  25  0.016591  26  0.021650  0  0.000000
their  27  0.001107  0  0.000325  0  0.000408  0  0.000000
they  26  0.001066  0  0.000325  0  0.000408  0  0.000000
things  20  0.000825  0  0.000325  0  0.000408  0  0.000000
this  41  0.001670  0  0.000325  0  0.000408  0  0.000000
through  17  0.000704  0  0.000325  0  0.000408  0  0.000000
time  51  0.002073  0  0.000325  0  0.000408  0  0.000000
tool  18  0.000745  0  0.000325  0  0.000408  0  0.000000
top  23  0.000946  0  0.000325  0  0.000408  0  0.000000
twitter  17  0.000704  0  0.000325  0  0.000408  0  0.000000
use  58  0.002354  0  0.000325  0  0.000408  0  0.000000
used  17  0.000704  0  0.000325  0  0.000408  0  0.000000
users  28  0.001147  0  0.000325  0  0.000408  0  0.000000
using  80  0.003240  0  0.000325  0  0.000408  0  0.000000
video  58  0.002354  0  0.000325  0  0.000408  0  0.000000
war  17  0.000704  0  0.000325  0  0.000408  0  0.000000
was  29  0.001187  0  0.000325  0  0.000408  0  0.000000
way  38  0.001549  0  0.000325  0  0.000408  0  0.000000
web  48  0.001952  0  0.000325  0  0.000408  0  0.000000
what  102  0.004125  44  0.028953  0  0.000408  0  0.000000
when  48  0.001952  0  0.000325  0  0.000408  0  0.000000
where  16  0.000664  0  0.000325  0  0.000408  0  0.000000
who  44  0.001791  0  0.000325  0  0.000408  0  0.000000
why  143  0.005775  0  0.000325  0  0.000408  0  0.000000
will  68  0.002757  0  0.000325  0  0.000408  0  0.000000
windows  28  0.001147  0  0.000325  0  0.000408  0  0.000000
with  309  0.012456  0  0.000325  23  0.019199  0  0.000000
without  39  0.001590  0  0.000325  0  0.000408  0  0.000000
work  37  0.001509  0  0.000325  0  0.000408  0  0.000000
world  44  0.001791  0  0.000325  0  0.000408  0  0.000000
year  26  0.001066  0  0.000325  0  0.000408  0  0.000000
years  33  0.001348  0  0.000325  0  0.000408  0  0.000000
you  158  0.006379  51  0.033507  0  0.000408  0  0.000000
your  170  0.006862  26  0.017241  17  0.014297  0  0.000000
youtube  17  0.000704  0  0.000325  0  0.000408  0  0.000000
ask  0  0.000020  222  0.144763  0  0.000408  0  0.000000
show  0  0.000020  0  0.000325  206  0.168709  0  0.000000
